00001100000000000000000000000000
00001100000000000000000000000000
00000100000000000000000000000000
00100000000000010000000000000000	
00100000000001000000000000000000
00100000000000100000000000001110
00100000000001010000000000000010
00000000001001010000000000011010
00000000000000000001100000010000
00000000011000110001000000000000
00000000100000110010000000100000
00000000000000000000100000010010
00100000000000100000001011111111
00100100010000001111111111111001
11111100000000000000000000000000	
11001100000000000000000000000000	
11111000000000000000000000000000